rawData = [
  -999.0000 -856.5000 -613.5000;
  -1012.5000 -909.0000 -600.0000;
  -985.5000 -856.5000 -657.0000;
  -825.0000 -622.5000 -717.0000;
  -738.0000 -388.5000 -654.0000;
  -685.5000 -297.0000 -591.0000;
  -600.0000 -148.5000 -378.0000;
  -630.0000 -118.5000 -285.0000;
  -702.0000 -157.5000 -94.5000;
  -667.5000 -364.5000 85.5000;
  -666.0000 -456.0000 150.0000;
  -688.5000 -711.0000 184.5000;
  -693.0000 -787.5000 177.0000;
  -694.5000 -937.5000 136.5000;
  -757.5000 -978.0000 118.5000;
  -757.5000 -1039.5000 90.0000;
  -753.0000 -1095.0000 9.0000;
  -735.0000 -1131.0000 -33.0000;
  -702.0000 -1135.5000 -103.5000;
  -666.0000 -1156.5000 -181.5000;
  -649.5000 -1149.0000 -226.5000;
  -499.5000 -1005.0000 -429.0000;
  -433.5000 -955.5000 -451.5000;
  -450.0000 -981.0000 -415.5000;
  -474.0000 -1090.5000 -274.5000;
  -589.5000 -1120.5000 -85.5000;
  -798.0000 -1134.0000 -28.5000;
  -865.5000 -1099.5000 -19.5000;
  -1192.5000 -949.5000 -63.0000;
  -1354.5000 -582.0000 -145.5000;
  -1248.0000 -280.5000 -451.5000;
  -1162.5000 -298.5000 -553.5000;
  -999.0000 -436.5000 -666.0000;
  -940.5000 -553.5000 -703.5000;
  -924.0000 -612.0000 -702.0000;
  -901.5000 -612.0000 -712.5000;
  -874.5000 -751.5000 -694.5000;
  -891.0000 -744.0000 -706.5000;
  -829.5000 -676.5000 -721.5000;
  -748.5000 -571.5000 -726.0000;
  -645.0000 -375.0000 -622.5000;
  -555.0000 -274.5000 -478.5000;
  -477.0000 -262.5000 -361.5000;
  -405.0000 -360.0000 -172.5000;
  -373.5000 -469.5000 -85.5000;
  -346.5000 -582.0000 -40.5000;
  -357.0000 -829.5000 -13.5000;
  -388.5000 -877.5000 -18.0000;
  -445.5000 -963.0000 0.0000;
  -499.5000 -1021.5000 -31.5000;
  -550.5000 -1027.5000 -67.5000;
  -535.5000 -1008.0000 -67.5000;
  -433.5000 -802.5000 -27.0000;
  -361.5000 -456.0000 -49.5000;
  -373.5000 -324.0000 -51.0000;
  -438.0000 -204.0000 -117.0000;
  -582.0000 -94.5000 -301.5000;
  -747.0000 -198.0000 -577.5000;
  -810.0000 -298.5000 -640.5000;
  -843.0000 -429.0000 -699.0000;
  -879.0000 -757.5000 -702.0000;
  -900.0000 -807.0000 -694.5000;
  -891.0000 -823.5000 -676.5000;
  -834.0000 -742.5000 -708.0000;
  -757.5000 -733.5000 -711.0000;
  -688.5000 -748.5000 -693.0000;
  -490.5000 -820.5000 -540.0000;
  -415.5000 -843.0000 -492.0000;
  -373.5000 -847.5000 -405.0000;
  -297.0000 -805.5000 -271.5000;
  -288.0000 -783.0000 -190.5000;
  -285.0000 -793.5000 -112.5000;
  -343.5000 -747.0000 -19.5000;
  -378.0000 -757.5000 24.0000;
  -432.0000 -738.0000 78.0000;
  -540.0000 -649.5000 150.0000;
  -793.5000 -652.5000 204.0000;
  -870.0000 -658.5000 180.0000;
  -976.5000 -649.5000 150.0000;
  -1072.5000 -616.5000 135.0000;
  -1242.0000 -670.5000 0.0000;
  -1309.5000 -765.0000 -76.5000;
  -1356.0000 -733.5000 -114.0000;
  -1365.0000 -748.5000 -139.5000;
  -1368.0000 -744.0000 -123.0000;
  -1374.0000 -729.0000 -85.5000;
  -1363.5000 -694.5000 -19.5000;
  -1140.0000 -441.0000 127.5000;
  -1032.0000 -397.5000 127.5000;
  -915.0000 -342.0000 94.5000;
  -814.5000 -315.0000 64.5000;
  -625.5000 -202.5000 -81.0000;
  -585.0000 -180.0000 -166.5000;
  -576.0000 -177.0000 -226.5000;
  -546.0000 -171.0000 -265.5000;
  -540.0000 -186.0000 -388.5000;
  -546.0000 -211.5000 -474.0000;
  -571.5000 -222.0000 -522.0000;
  -598.5000 -301.5000 -582.0000;
  -621.0000 -316.5000 -618.0000;
  -649.5000 -384.0000 -663.0000;
  -645.0000 -544.5000 -684.0000;
  -630.0000 -621.0000 -715.5000;
  -649.5000 -666.0000 -699.0000;
  -681.0000 -720.0000 -688.5000;
  -694.5000 -811.5000 -670.5000;
  -715.5000 -828.0000 -667.5000;
  -775.5000 -933.0000 -616.5000;
  -807.0000 -972.0000 -589.5000;
  -816.0000 -985.5000 -567.0000;
  -801.0000 -1005.0000 -553.5000;
  -784.5000 -1026.0000 -540.0000;
  -712.5000 -972.0000 -576.0000;
  -612.0000 -829.5000 -640.5000;
  -586.5000 -774.0000 -636.0000;
  -528.0000 -739.5000 -594.0000;
  -396.0000 -573.0000 -549.0000;
  -370.5000 -465.0000 -510.0000;
  -369.0000 -418.5000 -436.5000;
  -373.5000 -370.5000 -423.0000;
  -379.5000 -352.5000 -382.5000;
  -375.0000 -298.5000 -298.5000;
  -427.5000 -346.5000 -28.5000;
  -504.0000 -355.5000 19.5000;
  -513.0000 -361.5000 33.0000;
  -550.5000 -370.5000 63.0000;
  -585.0000 -348.0000 46.5000;
  -594.0000 -370.5000 67.5000;
  -580.5000 -384.0000 94.5000;
  -577.5000 -432.0000 87.0000;
  -555.0000 -481.5000 100.5000;
  -555.0000 -504.0000 99.0000;
  -558.0000 -580.5000 100.5000;
  -553.5000 -630.0000 121.5000;
  -585.0000 -927.0000 60.0000;
  -589.5000 -990.0000 27.0000;
  -577.5000 -1054.5000 -36.0000;
  -568.5000 -1099.5000 -157.5000;
  -549.0000 -1095.0000 -208.5000;
  -532.5000 -1107.0000 -276.0000;
  -522.0000 -1081.5000 -355.5000;
  -478.5000 -1071.0000 -279.0000;
  -483.0000 -1063.5000 -198.0000;
  -472.5000 -1039.5000 -130.5000;
  -486.0000 -915.0000 27.0000;
  -490.5000 -819.0000 81.0000;
  -496.5000 -496.5000 81.0000;
  -513.0000 -261.0000 -46.5000;
  -535.5000 -175.5000 -145.5000;
  -522.0000 -145.5000 -261.0000;
  -531.0000 -186.0000 -463.5000;
  -510.0000 -262.5000 -564.0000;
  -535.5000 -459.0000 -663.0000;
  -523.5000 -643.5000 -681.0000;
  -526.5000 -784.5000 -652.5000;
  -519.0000 -850.5000 -618.0000;
  -544.5000 -892.5000 -580.5000;
  -577.5000 -946.5000 -531.0000;
  -585.0000 -958.5000 -459.0000;
  -559.5000 -958.5000 -427.5000;
  -559.5000 -954.0000 -373.5000;
  -586.5000 -946.5000 -319.5000;
  -634.5000 -883.5000 -225.0000;
  -640.5000 -843.0000 -177.0000;
  -648.0000 -810.0000 -148.5000;
  -639.0000 -784.5000 -109.5000;
  -627.0000 -751.5000 -54.0000;
  -618.0000 -670.5000 10.5000;
  -621.0000 -454.5000 24.0000;
  -609.0000 -418.5000 10.5000;
  -603.0000 -319.5000 -28.5000;
  -585.0000 -265.5000 -76.5000;
  -562.5000 -247.5000 -60.0000;
  -540.0000 -252.0000 -81.0000;
  -537.0000 -234.0000 -76.5000;
  -532.5000 -199.5000 -117.0000;
  -559.5000 -184.5000 -423.0000;
  -571.5000 -220.5000 -492.0000;
  -627.0000 -409.5000 -675.0000;
  -667.5000 -600.0000 -690.0000;
  -672.0000 -676.5000 -694.5000;
  -681.0000 -640.5000 -711.0000;
  -684.0000 -492.0000 -688.5000;
  -661.5000 -319.5000 -604.5000;
  -634.5000 -204.0000 -508.5000;
  -636.0000 -136.5000 -352.5000;
  -693.0000 -148.5000 -100.5000;
  -793.5000 -184.5000 -33.0000;
  -895.5000 -265.5000 55.5000;
  -1009.5000 -384.0000 85.5000;
  -1075.5000 -490.5000 108.0000;
  -1122.0000 -513.0000 123.0000;
  -1120.5000 -582.0000 136.5000;
  -1102.5000 -706.5000 136.5000;
  -1098.0000 -969.0000 42.0000;
  -1089.0000 -1077.0000 -144.0000;
  -1090.5000 -1098.0000 -243.0000;
  -1111.5000 -1068.0000 -366.0000;
  -1107.0000 -1032.0000 -429.0000;
  -1108.5000 -933.0000 -531.0000;
  -1111.5000 -901.5000 -555.0000;
  -1113.0000 -874.5000 -558.0000;
  -1161.0000 -712.5000 -609.0000;
  -1140.0000 -594.0000 -634.5000;
  -1135.5000 -463.5000 -625.5000;
  -1090.5000 -247.5000 -546.0000;
  -1050.0000 -171.0000 -420.0000;
  -1066.5000 -117.0000 -252.0000;
  -1086.0000 -139.5000 -154.5000;
  -1107.0000 -208.5000 -22.5000;
  -1104.0000 -244.5000 4.5000;
  -1125.0000 -321.0000 54.0000;
  -1129.5000 -339.0000 67.5000;
  -1122.0000 -303.0000 46.5000;
  -1120.5000 -217.5000 -9.0000;
  -1089.0000 -193.5000 -54.0000;
  -1104.0000 -157.5000 -379.5000;
  -1129.5000 -193.5000 -442.5000;
  -1116.0000 -249.0000 -510.0000;
  -1095.0000 -339.0000 -573.0000;
  -1075.5000 -492.0000 -667.5000;
  -1014.0000 -739.5000 -658.5000;
  -945.0000 -801.0000 -663.0000;
  -892.5000 -702.0000 -715.5000;
  -846.0000 -600.0000 -717.0000;
  -649.5000 -540.0000 -645.0000;
  -456.0000 -537.0000 -505.5000;
  -361.5000 -559.5000 -406.5000;
  -292.5000 -600.0000 -319.5000;
  -276.0000 -630.0000 -252.0000;
  -283.5000 -681.0000 -112.5000;
  -306.0000 -703.5000 -40.5000;
  -360.0000 -720.0000 42.0000;
  -474.0000 -627.0000 112.5000;
  -522.0000 -568.5000 136.5000;
  -679.5000 -654.0000 193.5000;
  -913.5000 -729.0000 184.5000;
  -978.0000 -684.0000 180.0000;
  -1003.5000 -550.5000 171.0000;
  -985.5000 -531.0000 181.5000;
  -931.5000 -387.0000 127.5000;
  -874.5000 -330.0000 100.5000;
  -819.0000 -162.0000 -60.0000;
